20 20
1 0 0 0 0 0 0 0 0 0 0 0 0 0 0 0 0 0 0 0 
1.81358 -2.88209 1 0 0 0 0 0 0 0 0 0 0 0 0 0 0 0 0 0 
0 1.50925 -2.55214 1 0 0 0 0 0 0 0 0 0 0 0 0 0 0 0 0 
0 0 1.35036 -2.37987 1 0 0 0 0 0 0 0 0 0 0 0 0 0 0 0 
0 0 0 1.25567 -2.2772 1 0 0 0 0 0 0 0 0 0 0 0 0 0 0 
0 0 0 0 1.19433 -2.2107 1 0 0 0 0 0 0 0 0 0 0 0 0 0 
0 0 0 0 0 1.15225 -2.16507 1 0 0 0 0 0 0 0 0 0 0 0 0 
0 0 0 0 0 0 1.12211 -2.1324 1 0 0 0 0 0 0 0 0 0 0 0 
0 0 0 0 0 0 0 1.09981 -2.10821 1 0 0 0 0 0 0 0 0 0 0 
0 0 0 0 0 0 0 0 1.08286 -2.08983 1 0 0 0 0 0 0 0 0 0 
0 0 0 0 0 0 0 0 0 1.06969 -2.07556 1 0 0 0 0 0 0 0 0 
0 0 0 0 0 0 0 0 0 0 1.05927 -2.06426 1 0 0 0 0 0 0 0 
0 0 0 0 0 0 0 0 0 0 0 1.0509 -2.05519 1 0 0 0 0 0 0 
0 0 0 0 0 0 0 0 0 0 0 0 1.04409 -2.0478 1 0 0 0 0 0 
0 0 0 0 0 0 0 0 0 0 0 0 0 1.03848 -2.04172 1 0 0 0 0 
0 0 0 0 0 0 0 0 0 0 0 0 0 0 1.03381 -2.03665 1 0 0 0 
0 0 0 0 0 0 0 0 0 0 0 0 0 0 0 1.02988 -2.0324 1 0 0 
0 0 0 0 0 0 0 0 0 0 0 0 0 0 0 0 1.02655 -2.02879 1 0 
0 0 0 0 0 0 0 0 0 0 0 0 0 0 0 0 0 1.02372 -2.02571 1 
0 0 0 0 0 0 0 0 0 0 0 0 0 0 0 0 0 0 0 1 

6
0.584421
0.265455
0.138541
0.0793086
0.0485512
0.0312896
0.0210063
0.0145817
0.0104083
0.00760741
0.00567486
0.00430915
0.00332368
0.0025994
0.00205832
0.00164816
0.00133312
0.00108826
2


