10 10  
  2        1815           1           0           0           0           0           0           0           0
     1673976           2        1325           1           0           0           0           0           0           0
           3     2311186           3        1246           1           0           0           0           0           0
           0           3     3593759           3        1343           1           0           0           0           0
           0           0           3     3413814           3        1376           0           0           0           0
           0           0           0           3     1093447           2        1547           1           0           0
           0           0           0           0           3     5319241           3        1562           0           0
           0           0           0           0           0           3     1762981           2        1396           0
           0           0           0           0           0           0           2     2172118           2        1398
           0           0           0           0           0           0           0           2     6049130           2
0.001
0.001
0.001
0.001
0.001
0.001
0.001
0.001
0.001
0.001
1818     
1675304     
2312439     
3595109     
3415196     
1095000     
5320809     
1764382     
2173520     
6049134  
0.000000004     
0.000000553     
-1.9999963233     
-1.9989695604     
0.007938168     
2.556472604     
0.013410908     
-8705.821994     
-4.469341058     
13526518.36 
1
1
1
1
1
1
1
1
1
1